% Tetraedre mesh

vertices = [0 0 0; 1 0 0; 0.5 sqrt(2)/2 0; 0.5 sqrt(2)/4 sqrt(14)/4];
faces = [1 2 3; 1 2 4; 1 3 4; 2 3 4];