g = 9.81;
l = 10;
ue = 0;
xe = [0; 0];
K = [50; 50];